8.516294 3.645286 2.027526 3.022630 7.191035 3.089636 1.548549 3.770817 6.253297 3.199389 1.994905 2.345259 5.358139 2.665106 2.060361 1.783637 7.918461 2.280154 2.394292 3.768363
3.645286 6.195802 4.010842 2.541294 2.306321 5.855965 3.105605 2.931566 3.728930 6.489501 3.243264 2.422078 3.012522 7.597026 3.720342 2.888523 3.419020 9.539387 2.677440 2.368047 
2.027526 4.010842 7.673191 2.195202 2.590106 2.757915 7.745687 2.300621 3.376351 2.393268 7.026868 2.363609 1.834799 2.824786 8.847007 3.043311 1.686017 3.047009 7.741418 1.710228 
3.022630 2.541294 2.195202 7.703253 2.225010 2.760610 3.621972 8.087586 2.058132 2.110120 3.642040 6.938527 3.735646 3.216842 1.585100 6.335918 3.475899 3.541284 3.008217 8.501429 
7.191035 2.306321 2.590106 2.225010 8.970177 4.320843 2.709080 2.818932 7.830750 2.493449 2.524625 3.653476 6.578271 3.184357 2.778951 3.215954 9.074107 3.341559 2.786685 2.993978 
3.089636 5.855965 2.757915 2.760610 4.320843 6.691093 2.504095 2.757124 3.590113 7.740385 2.036981 2.354325 3.534194 7.003774 3.248943 2.604850 3.134709 7.871476 3.392965 1.653168 
1.548549 3.105605 7.745687 3.621972 2.709080 2.504095 7.074899 2.305463 2.397724 2.478687 7.260561 3.033985 4.177450 3.234054 5.776715 2.859196 2.335887 2.931781 7.330593 2.257068 
3.770817 2.931566 2.300621 8.087586 2.818932 2.757124 2.305463 7.285709 4.763323 2.488190 2.026039 7.080200 3.808243 2.416945 2.984690 8.304860 2.012704 2.164181 3.668977 5.466625 
6.253297 3.728930 3.376351 2.058132 7.830750 3.590113 2.397724 4.763323 8.208096 2.892341 2.943578 2.124755 8.981159 2.911869 2.274201 1.679821 7.317590 1.834559 2.067596 3.409872 
3.199389 6.489501 2.393268 2.110120 2.493449 7.740385 2.478687 2.488190 2.892341 6.857756 2.991272 2.833423 3.072409 6.834877 4.120418 2.960654 2.679671 9.551073 2.218357 2.996538 
1.994905 3.243264 7.026868 3.642040 2.524625 2.036981 7.260561 2.026039 2.943578 2.991272 5.469036 3.484863 2.020900 1.950725 7.435851 1.441347 2.172647 3.585148 8.806596 3.265037 
2.345259 2.422078 2.363609 6.938527 3.653476 2.354325 3.033985 7.080200 2.124755 2.833423 3.484863 6.345470 2.028976 2.288577 2.289483 7.155867 2.929668 2.607933 4.234336 6.781808 
5.358139 3.012522 1.834799 3.735646 6.578271 3.534194 4.177450 3.808243 8.981159 3.072409 2.020900 2.028976 8.324329 3.732155 3.303806 2.811789 8.092632 4.475535 3.105659 3.111023 
2.665106 7.597026 2.824786 3.216842 3.184357 7.003774 3.234054 2.416945 2.911869 6.834877 1.950725 2.288577 3.732155 8.129152 2.925479 3.136433 3.057468 5.847897 3.509178 2.750028 
2.060361 3.720342 8.847007 1.585100 2.778951 3.248943 5.776715 2.984690 2.274201 4.120418 7.435851 2.289483 3.303806 2.925479 6.916338 2.138268 2.875366 3.685315 8.388761 1.796382 
1.783637 2.888523 3.043311 6.335918 3.215954 2.604850 2.859196 8.304860 1.679821 2.960654 1.441347 7.155867 2.811789 3.136433 2.138268 8.624714 3.405326 1.728151 1.925988 7.247158 
7.918461 3.419020 1.686017 3.475899 9.074107 3.134709 2.335887 2.012704 7.317590 2.679671 2.172647 2.929668 8.092632 3.057468 2.875366 3.405326 7.575521 3.142921 3.465597 3.758166 
2.280154 9.539387 3.047009 3.541284 3.341559 7.871476 2.931781 2.164181 1.834559 9.551073 3.585148 2.607933 4.475535 5.847897 3.685315 1.728151 3.142921 9.556917 1.465900 2.009660 
2.394292 2.677440 7.741418 3.008217 2.786685 3.392965 7.330593 3.668977 2.067596 2.218357 8.806596 4.234336 3.105659 3.509178 8.388761 1.925988 3.465597 1.465900 9.105040 2.570578 
3.768363 2.368047 1.710228 8.501429 2.993978 1.653168 2.257068 5.466625 3.409872 2.996538 3.265037 6.781808 3.111023 2.750028 1.796382 7.247158 3.758166 2.009660 2.570578 6.983973 
